111111111111111111111111111111111111111111111111
111111111111111111111111111111111111111111111111
111111111110000001111111111111000000111111111111
111111111000000000011111111100000000001111111111
111111100000000000000111110000000000000011111111
111110000000000000000000000000000000000000011111
111100000000000000000000000000000000000000001111
111000000000000000000000000000000000000000000111
111000000000000000000000000000000000000000000111
111000000000000000000000000000000000000000000111
111000000000000000000000000000000000000000000111
111000000000000000000000000000000000000000000111
111000000000000000000000000000000000000000000111
111000000000000000000000000000000000000000000111
111100000000000000000000000000000000000000001111
111110000000000000000000000000000000000000011111
111111000000000000000000000000000000000000111111
111111000000000000000000000000000000000000111111
111111100000000000000000000000000000000001111111
111111110000000000000000000000000000000011111111
111111111000000000000000000000000000000111111111
111111111100000000000000000000000000001111111111
111111111110000000000000000000000000011111111111
111111111111000000000000000000000000111111111111
111111111111100000000000000000000001111111111111
111111111111100000000000000000000001111111111111
111111111111110000000000000000000011111111111111
111111111111111000000000000000000111111111111111
111111111111111100000000000000001111111111111111
111111111111111110000000000000011111111111111111
111111111111111111000000000000111111111111111111
111111111111111111100000000001111111111111111111
111111111111111111110000000011111111111111111111
111111111111111111111000000111111111111111111111
111111111111111111111100001111111111111111111111
111111111111111111111110011111111111111111111111
111111111111111111111111111111111111111111111111
111111111111111111111111111111111111111111111111